%YAML:1.0
---
type: IMU
name: d435i
Gyr:
   unit: " rad/s"
   avg-axis:
      gyr_n: 2.0789402330453634e-03
      gyr_w: 1.7392849875462745e-05
   x-axis:
      gyr_n: 1.6917450398134760e-03
      gyr_w: 2.0318211352615006e-05
   y-axis:
      gyr_n: 2.8172996912211490e-03
      gyr_w: 1.7422212039499261e-05
   z-axis:
      gyr_n: 1.7277759681014655e-03
      gyr_w: 1.4438126234273968e-05
Acc:
   unit: " m/s^2"
   avg-axis:
      acc_n: 2.6343408167916315e-02
      acc_w: 5.8608607996144706e-04
   x-axis:
      acc_n: 2.2548121129055982e-02
      acc_w: 5.2122647795253732e-04
   y-axis:
      acc_n: 2.5141006581381849e-02
      acc_w: 5.4363091889865001e-04
   z-axis:
      acc_n: 3.1341096793311110e-02
      acc_w: 6.9340084303315364e-04
